556844 1675094589.909321
2038737 1675094619.547181
2689294 1675094632.558321
4192280 1675094662.618041
4711278 1675094672.998001
6198434 1675094702.741121
6721817 1675094713.208781
8248390 1675094743.740241
8802024 1675094754.812921
10308707 1675094784.946581
10796207 1675094794.696581
12311920 1675094825.010841
12909179 1675094836.956021
14428124 1675094867.334921
14975391 1675094878.280261
16505327 1675094908.8789809
17045310 1675094919.678641
18551260 1675094949.797641
19030155 1675094959.375541
20535164 1675094989.475721