576344 1675094590.299321
2079783 1675094620.368101
2930557 1675094637.383581
4439735 1675094667.567141
5209530 1675094682.963041
6703525 1675094712.842941
7384513 1675094726.462701
8888177 1675094756.535981
9524769 1675094769.267821
11037434 1675094799.521121
11733975 1675094813.451941
13233704 1675094843.446521
13898687 1675094856.746181
15408100 1675094886.934441
16049403 1675094899.760501
17539445 1675094929.561341
18165009 1675094942.0726209
19656359 1675094971.899621
20254341 1675094983.859261
21743779 1675095013.648021